$ANSIBLE_VAULT;1.1;AES256
37343963303461313265636433333736356237353439656338636165633561323839633739313265
3962316661646163393630666330373630643233313533650a323361393765653064313561613435
32663666333937343461343763363361653030316162353763373032366635653166666331353962
6564373461353265620a383261313162313961386163333433316362333935343436663761386134
66363661663266306433316361656166393233353563626133366539663234633737613863663136
31663736633333316466316564383662616662313436616436616365633031356566383563633264
31396538616632616536643664303665663033636333396664626164346661646130336536336166
61616638303034373566376234616563316438336332306130386266376566363463316333353463
66326234643534363334656139373935313761343535626232633361306333346664623436643031
32643733356461346335363562363466613564633364363330326131323865616339663263393738
32393066316132313131366262633039313338656163353932303637663930316233646431666638
34653532646638363632623735343934306366663736376431653035323966643966353464363862
65623364656537306366663864306237336533386435313734366664356439633434393565656362
30306665393165326261663566323865303036393131396466313033633739666436323639363665
31343465333331353663333662663461383139643230643732613038646633303534613065366461
35616236353361303935313937356262316532613665366231383065346333653761343663383266
36626233646230633430666164663162643065316264626365663134656361313362383962333835
65336263303138643432336436303637323565376235623263373461623037366661613965616361
37643933353738383233666533666261613731363834326538373939616436393532343637313065
61316230616430393263306433313730323836323863366661643264633331663631646230303836
38613364326132386335616666366436663431386234306136653732316435663262316333373136
65366666316133646533666132616630666431633863623734353561323036633334653366643933
35393931353962653037306437376637646263383630656130653738333035306263353631663738
30613963613462353961626334356465333934346363306637316135303631346464383066626462
65303230383339666133653936323835653263303164353031356134643661646465386338663936
65643866646662656239646430363439653138343364373932343361666638366638633737313932
64656234343330623837356130353330646431326634333839373330663662626131303365643763
63653864383238336331336532376533373634333830356366663762356635663164363032666339
34613430323930356634323161333336656239333331313631373337323033313037616262343438
36343066376165643164656166366531326461363731396563373636643134666533646265633261
38376535313132363636336364386130663636663264336134383939623462303465393833336664
64356266363036363961646665653535343762633065636561343837386235383261643463393939
30353562663265383966356364346663663965653530633531306334353332656238
